prog time: 369.497989654541
32,2.07135272026062,2
64,0.18561744689941406,2
128,0.4722025394439697,2
256,7.3268883228302,3
512,36.64510917663574,4
1024,322.7883059978485,5



prog time: 10848.887461900711
1024,10848.

0.1
prog time: 276.9214406013489
32,0.16103267669677734,2
64,0.2824549674987793,2
128,0.8174464702606201,2
256,6.766408443450928,3
512,40.22167372703552,4
1024,228.67184281349182,5

0.01
prog time: 1628.8025546073914
32,0.16906213760375977,2
64,0.45020222663879395,3
128,1.2906851768493652,3
256,49.221455097198486,5
512,267.2683391571045,6
1024,1288.6648275852203,7

0.001
prog time: 16484.876397132874
32,0.34721922874450684,6
64,1.550288200378418,8
128,5.505790710449219,7
256,462.02065873146057,11
512,2560.7912073135376,13
1024,13434.96359705925,15